1 C 992108.576548 22.07026618 22.07025588
1 JPM 989785.206067 12.2418318647 12.2019098109
1 IBM 1000327.05183 16.5602542659 16.5590846957
1 F 1000233.15542 7.87400883057 7.84267502197
1 CMG 1018296.50477 9.5632551519 8.94989622228
1 AAPL 908096.621623 8.31005708032 8.29724569733
1 DELL 975496.436446 8.67950393352 8.23498888975
1 GM 689855.502837 6.10654707179 0
1 XOM 958008.80571 18.3304887435 22.0110608978
1 DIS 981575.29192 22.0508879686 22.0357272218
2 C 992049.207088 22.0711421418 22.0702761709
2 JPM 994628.509887 12.2418318647 12.2019098109
2 IBM 999443.134996 16.4974930601 16.4882642337
2 F 1000060.57401 7.87435536587 7.84267502197
2 CMG 1018497.7318 9.52584722339 8.94989622228
2 AAPL 902655.973289 8.31005708032 8.29724569733
2 DELL 975400.139755 8.67950393352 8.23498888975
2 GM 690545.587551 6.11797777246 6.1041610673
2 XOM 957376.249009 21.9910608978 22.0110608978
2 DIS 981435.15401 22.0521826284 22.0396478532
3 C 991969.517225 22.0712564115 22.0706029178
3 JPM 1000221.57309 12.2318513513 12.2118903244
3 IBM 999238.935065 16.4782642337 16.4882642337
3 F 999911.787557 7.87481717722 6.50184870933
3 CMG 1018642.8302 9.52584722339 8.94989622228
3 AAPL 902139.005644 8.31005708032 8.29724569733
3 DELL 975495.286432 8.67950393352 8.23498888975
3 GM 691789.406953 6.10654707179 6.1051800198
3 XOM 957551.611656 21.9910608978 22.0110608978
3 DIS 981192.053091 22.0535940578 22.0396478532
4 C 991890.184278 22.0740944793 22.0706029178
4 JPM 1010302.52134 None 12.2118903244
4 IBM 999365.859652 16.4974930601 16.5729107681
4 F 999806.963795 7.8749279057 7.8749279057
4 CMG 1018839.6025 9.52584722339 9.52584722339
4 AAPL 900949.727106 8.32954420231 0
4 DELL 975746.014141 8.67950393352 8.23498888975
4 GM 693404.993265 6.11797777246 6.107
4 XOM 958311.207596 21.9910608978 22.0110608978
4 DIS 980654.175762 22.0545453282 22.0396478532
5 C 991809.903155 22.0758202612 18.0620347592
5 JPM 1023396.19093 12.3598235189 12.2118903244
5 IBM 999532.376289 16.5775436074 16.5729107681
5 F 999783.150237 7.84342819408 6.44380876528
5 CMG 1019063.60692 9.52839631043 8.94989622228
5 AAPL 899845.849388 8.32717242181 8.32242886082
5 DELL 975998.100281 8.22498888975 8.17942450928
5 GM 694862.162523 6.12084147037 6.10974444311
5 XOM 957809.859457 22.0793129086 22.0280949701
5 DIS 980469.667763 22.055685739 22.0396478532
6 C 991748.244573 22.0770741381 18.0630606584
6 JPM 1035204.57335 12.3598235189 12.2118903244
6 IBM 1000170.74492 16.582532939 16.5729107681
6 F 1000105.68823 7.84342819408 6.44391209667
6 CMG 1019252.41431 9.52839631043 8.94989622228
6 AAPL 902010.096891 8.32717242181 8.32242886082
6 DELL 976262.572897 8.22498888975 8.17942450928
6 GM 697134.825774 6.12251833669 0
6 XOM 957044.772599 22.0621631148 22.0110608978
6 DIS 980434.749035 22.0516762675 22.0436573246
7 C 991666.553407 21.0736511824 18.0642905364
7 JPM 1053615.71026 12.3228402203 12.248873623
7 IBM 999767.136521 16.5843794893 16.5831484558
7 F 1000062.49872 7.87464109797 7.8740674825
7 CMG 1019515.71972 9.53068250144 8.94989622228
7 AAPL 902159.145789 8.32717242181 8.32242886082
7 DELL 976363.866481 8.22498888975 8.17942450928
7 GM 699787.713549 6.12401476829 6.11797777246
7 XOM 957149.43678 21.9910608978 22.0110608978
7 DIS 980286.400715 22.0516762675 22.0436573246
8 C 991585.579003 19.0568052709 18.0653266789
8 JPM 1075091.952 12.3598235189 12.248873623
8 IBM 999832.659693 16.5843794893 16.5831484558
8 F 999882.802402 7.87464109797 7.8740674825
8 CMG 1019785.26888 9.53068250144 9.09509279207
8 AAPL 905672.825919 None 8.32361475107
8 DELL 976653.183891 8.4294642214 8.26277107999
8 GM 702029.422912 6.12301743912 6.11965766134
8 XOM 958098.273207 22.0621631148 22.0110608978
8 DIS 980166.668682 22.0516762675 22.0436573246
9 C 991522.215027 19.0568052709 18.0660250147
9 JPM 1093220.60254 12.3598235189 12.248873623
9 IBM 999440.338356 16.5843794893 16.5831484558
9 F 999679.37695 7.87464109797 7.8740674825
9 CMG 1019975.36987 9.5702560309 9.09509279207
9 AAPL 900430.847085 8.33050357456 8.32930080925
9 DELL 976906.024202 8.8976842171 8.26277107999
9 GM 705358.263097 6.12301743912 6.11965766134
9 XOM 957804.93294 22.0849494877 22.0110608978
9 DIS 979788.29944 22.0496715318 22.0456620603
10 C 991436.841265 18.8091649453 18.313884294
10 JPM 1120096.617 12.3320860449 12.276611097
10 IBM 999661.153237 16.5834562142 16.582532939
10 F 999804.192175 7.87464109797 7.8740674825
10 CMG 1020251.91255 9.09509279207 8.94989622228
10 AAPL 897665.610867 8.3306913028 8.32930080925
10 DELL 977074.335412 8.89765302699 8.26277107999
10 GM 709080.491329 6.12301743912 6.11965766134
10 XOM 957706.406606 22.0865584243 0
10 DIS 980693.118165 None 22.0456620603
11 C 991351.238014 18.8091649453 18.313884294
11 JPM 1150066.5301 13.1884775962 12.276611097
11 IBM 999663.212769 16.5840717309 16.5460778155
11 F 1000081.47024 7.87654092675 7.87649594356
11 CMG 1020534.2089 9.5702560309 9.21388360178
11 AAPL 896703.387202 8.33043983727 8.32968048526
11 DELL 977434.697184 8.73907448616 8.42153888205
11 GM 712133.90904 6.12301743912 6.11923768912
11 XOM 957610.488713 22.0882521357 22.0110608978
11 DIS 980813.209336 22.0496715318 22.0456620603
12 C 991284.312579 18.8091649453 18.313884294
12 JPM 1174570.0402 14.7031806929 14.2675132625
12 IBM 998795.904105 16.5355294137 13.585954377
12 F 1000367.47959 7.87674637207 7.87649594356
12 CMG 1020750.31632 9.53197500678 8.94989622228
12 AAPL 898060.802931 8.33043983727 8.32968048526
12 DELL 977907.035262 8.73907448616 8.42153888205
12 GM 716559.413314 6.10654707179 6.11797777246
12 XOM 957390.667656 22.0689543262 22.0503587073
12 DIS 981431.346516 22.0486691639 22.0466644282
13 C 991193.243941 18.6853447825 18.4377044568
13 JPM 1209925.34235 14.5515200932 14.2481988937
13 IBM 997967.9288 16.5355294137 16.5355294137
13 F 1000558.54511 7.87696457827 7.87649594356
13 CMG 1021021.83484 9.53197500678 8.94989622228
13 AAPL 899574.563911 8.33043983727 8.32968048526
13 DELL 978332.676407 8.73907448616 8.42153888205
13 GM 721396.441081 6.10654707179 6.11797777246
13 XOM 957579.975232 22.0689543262 22.0503587073
13 DIS 980286.643134 22.0608486274 22.0466644282
14 C 991103.760862 19.0568052709 18.4377044568
14 JPM 1248311.05427 14.7031806929 14.7616210933
14 IBM 998787.524669 16.5355294137 16.5355294137
14 F 1001121.47608 7.87720390524 7.87661310224
14 CMG 1021286.45548 9.38645531065 8.94989622228
14 AAPL 898351.532559 8.33024999927 8.32987032326
14 DELL 978613.360197 8.65969058513 8.50092278308
14 GM 726652.888702 6.12175752245 6.11797777246
14 XOM 955620.132354 22.0916178548 22.0503587073
14 DIS 979684.426159 22.0613664443 22.0466644282
15 C 991034.435358 19.0568052709 18.4377044568
15 JPM 1289664.18744 14.7628713623 14.7031806929
15 IBM 998374.799949 16.6058980645 16.5455294137
15 F 1001165.7179 7.87760241789 7.87378067476
15 CMG 1021560.40372 9.38645531065 8.94989622228
15 AAPL 896148.886411 8.33024999927 8.32987032326
15 DELL 978955.608391 8.65969058513 8.50092278308
15 GM 730875.6281 6.12081258495 6.11892270996
15 XOM 955716.550895 22.0814191994 22.0607122047
15 DIS 980243.275825 22.0578680821 22.0503989795
16 C 990941.618856 18.9020300674 18.0697455781
16 JPM 1322572.44757 14.7640553697 14.7608248344
16 IBM 998271.097 16.6056946953 16.5455294137
16 F 1000976.42016 7.87851835044 7.87829972066
16 CMG 1021757.29694 9.38645531065 7.84074481301
16 AAPL 900825.52979 8.33024999927 8.32987032326
16 DELL 979262.217873 8.65969058513 8.50092278308
16 GM 736887.26044 6.12081258495 6.11892270996
16 XOM 956395.963523 22.0814191994 22.0503587073
16 DIS 980295.373167 22.0403989795 18.0514822117
17 C 990850.136196 18.9020300674 18.0696748814
17 JPM 1368877.82553 14.7655857555 14.761436675
17 IBM 997948.832019 16.4882642337 13.5869260723
17 F 1000744.64126 7.87862274616 7.87840739583
17 CMG 1022034.6863 9.05213950489 8.38350789339
17 AAPL 901701.923672 8.33015508027 8.32996524226
17 DELL 979489.709982 8.65969058513 8.50092278308
17 GM 743343.847357 6.12081258495 6.11892270996
17 XOM 956152.235328 22.0947630521 18.0775334063
17 DIS 981210.702867 22.0403989795 18.0520127983
18 C 990760.93417 18.9020300674 18.069612294
18 JPM 1417814.64916 14.7675627301 14.7670788035
18 IBM 998024.034228 16.4882642337 13.5873348945
18 F 1000940.92713 7.87987572536 7.87840739583
18 CMG 1022301.92299 9.05213950489 8.04919208763
18 AAPL 904903.785049 8.33015508027 8.32930080925
18 DELL 979643.153905 8.61999863462 8.54061473359
18 GM 748484.724987 6.1203401162 6.11939517871
18 XOM 953685.176721 21.0912701503 0
18 DIS 981693.714153 None 19.0494725327
19 C 990693.177011 21.2917636656 19.7052746001
19 JPM 1469187.45324 14.7696999545 14.7691413273
19 IBM 998341.162573 16.4882642337 13.5880884417
19 F 1000810.4264 7.79962332187 6.44791147304
19 CMG 1022500.06106 9.54480001904 8.04919208763
19 AAPL 903724.358068 8.33015508027 8.32930080925
19 DELL 979640.294822 8.89998831445 8.54061473359
19 GM 755746.345673 6.13515643781 6.11939517871
19 XOM 953051.939772 21.0912701503 19.0828714382
19 DIS 982294.475146 22.0403989795 19.0494725327
20 C 990602.33313 21.2917636656 19.7052746001
20 JPM 1509172.27399 14.7713261317 14.7691413273
20 IBM 998828.049329 15.7632202857 14.3131323897
20 F 1000874.60546 7.46174365935 6.7859843343
20 CMG 1022784.90733 9.17382716443 8.42407044656
20 AAPL 904023.568257 8.33015508027 8.32951437701
20 DELL 979472.641699 8.90040412069 8.54061473359
20 GM 763484.49189 6.13586782929 6.11939517871
20 XOM 952144.557737 21.0912701503 19.0828714382
20 DIS 981857.389061 22.0403989795 19.0494725327
21 C 990511.891823 21.2917636656 19.7052746001
21 JPM 1564197.51344 14.7735953291 14.7691413273
21 IBM 998446.341741 15.7632202857 14.3131323897
21 F 1000638.87686 7.79962332187 7.46174365935
21 CMG 1023087.09242 8.42407044656 8.04919208763
21 AAPL 903754.005898 8.33298416821 8.32951437701
21 DELL 979440.961153 8.81045677391 8.63056208036
21 GM 771712.266151 6.13603254166 6.12355451945
21 XOM 952355.420031 20.5891704723 19.5849711162
21 DIS 981608.98412 22.0403989795 19.0494725327
22 C 990443.13227 22.0844955286 19.7052746001
22 JPM 1620874.32409 14.7145009478 12.0893163092
22 IBM 998686.94914 15.7632202857 14.3131323897
22 F 1000581.55968 6.7859843343 6.44928208686
22 CMG 1023319.80054 9.13713185577 7.84626911098
22 AAPL 904950.189357 8.33363742986 6.81843062443
22 DELL 979336.31038 8.90106737026 7.28269148476
22 GM 778212.81594 6.13619231265 6.12355451945
22 XOM 952515.786124 22.1051134843 20.589376364
22 DIS 982046.320895 21.2926673678 18.055106831
23 C 990351.841172 21.489676299 20.3000751664
23 JPM 1664237.52085 14.7776036384 12.7614709048
23 IBM 998915.161887 15.4006983117 14.6756543637
23 F 1000671.82207 7.81809478275 7.81809478275
23 CMG 1023632.04279 9.13713185577 7.84663948892
23 AAPL 903218.45015 8.33412789599 6.81895773405
23 DELL 979138.84783 8.90143185362 7.28298969842
23 GM 787331.761856 None 6.13603254166
23 XOM 953683.895667 20.579376364 19.5849711162
23 DIS 981278.845629 21.2926673678 18.0556505303
24 C 990261.177819 21.489676299 0
24 JPM 1722851.33092 14.7801071946 12.7614709048
24 IBM 999383.556504 16.3566219321 16.3566219321
24 F 1000987.51587 7.88275424318 7.88266616625
24 CMG 1023946.80232 9.13713185577 8.17938297904
24 AAPL 902188.848746 7.95559307507 7.19791754411
24 DELL 979015.313863 8.90146131906 8.90144167543
24 GM 796981.241495 6.13619231265 6.13607248441
24 XOM 953096.5493 20.579376364 19.5849711162
24 DIS 980728.985128 21.2926673678 18.0560169709
25 C 990193.584425 21.489676299 20.3000751664
25 JPM 1781936.24629 14.7209867658 14.5985170245
25 IBM 998711.150187 16.2911954444 14.6756543637
25 F 1001253.86662 7.85122322621 7.88266616625
25 CMG 1024176.29727 9.13713185577 8.17938297904
25 AAPL 905841.881124 7.95559307507 7.19791754411
25 DELL 978973.025329 8.90146131906 7.28342220457
25 GM 804576.563561 6.13619231265 6.13619231265
25 XOM 954158.088389 20.330775052 19.8335724281
25 DIS 981178.407492 21.87712105 21.3026673678
26 C 990104.810068 21.1922760159 20.5974754496
26 JPM 1826244.82282 14.7209867658 0
26 IBM 998402.601614 14.6656543637 13.8611434403
26 F 1001319.6202 7.88311147307 7.88299081882
26 CMG 1024456.17739 9.59219526891 8.17938297904
26 AAPL 900822.450071 7.95559307507 7.19791754411
26 DELL 978991.239633 8.90146131906 7.28386591239
26 GM 815195.488872 6.13619231265 6.13615236991
26 XOM 952324.690718 20.330775052 19.8335724281
26 DIS 980986.215726 21.87712105 21.3026673678
27 C 990013.525224 21.1922760159 20.5974754496
27 JPM 1884862.66525 14.7865658276 14.7636106172
27 IBM 998706.45016 14.3974840559 13.8611434403
27 F 1001651.55586 7.88308130951 7.88302098238
27 CMG 1024716.54404 9.21032029534 8.52302875114
27 AAPL 897617.881723 7.76617419233 7.38733642685
27 DELL 978937.126755 8.49713722957 7.68848905058
27 GM 826393.719425 6.13619231265 6.13615236991
27 XOM 951663.595458 20.330775052 19.8335724281
27 DIS 981968.706456 21.87712105 21.3026673678
28 C 989945.427501 21.1922760159 20.5974754496
28 JPM 1942402.26091 14.788580145 14.7863800352
28 IBM 999142.398937 14.6656543637 13.8611434403
28 F 1001945.6623 7.88308130951 7.88302098238
28 CMG 1024943.39561 9.55396606744 8.52302875114
28 AAPL 895044.150436 None 7.38733642685
28 DELL 978781.730065 8.49713722957 7.68848905058
28 GM 835184.479582 6.1361623556 6.13615236991
28 XOM 950350.061914 20.206474396 19.9578730841
28 DIS 982745.04189 21.7335076294 0
29 C 989853.422773 21.0435758743 20.7461755912
29 JPM 1984470.12376 14.7894195298 14.7891838704
29 IBM 999281.226447 14.6656543637 13.8611434403
29 F 1001854.57395 7.85216444768 6.4504067268
29 CMG 1025105.69247 9.51575020317 9.55396606744
29 AAPL 893150.374956 7.76617419233 7.38733642685
29 DELL 978498.950831 8.49713722957 7.68848905058
29 GM 847445.093717 6.13615236991 6.13615236991
29 XOM 951959.457647 20.206474396 19.9578730841
29 DIS 982417.54565 21.7335076294 21.4462807883
30 C 989763.154088 21.0435758743 20.7461755912
30 JPM 2038588.79556 14.7894195298 14.7891838704
30 IBM 999725.965386 14.4645266328 14.0622711711
30 F 1001653.79417 7.50173783481 6.80088460908
30 CMG 1025321.92649 9.52530416924 9.54441210137
30 AAPL 901664.591505 None 7.48204586822
30 DELL 978205.93699 8.49713722957 7.68848905058
30 GM 860342.724168 6.13615236991 6.13615236991
30 XOM 952480.47869 20.206474396 19.9578730841
30 DIS 982178.637821 21.7335076294 21.4462807883
31 C 989695.855582 21.0435758743 20.7461755912
31 JPM 2089846.95181 14.7934820156 14.793062196
31 IBM 999522.143814 14.6656543637 14.0622711711
31 F 1001491.93841 6.79088460908 6.45072739874
31 CMG 1025550.48417 9.59544242192 9.54441210137
31 AAPL 894862.826952 8.33725069786 7.67146475096
31 DELL 977829.58765 8.29497518482 7.89065109533
31 GM 870448.041554 6.14235272161 6.14213880333
31 XOM 949302.312457 20.144324068 20.0200234121
31 DIS 981918.725162 21.6617009191 21.5180874986
32 C 989605.517053 20.9692258035 20.820525662
32 JPM 2126015.52168 14.795214507 14.793062196
32 IBM 999930.416683 16.3566219321 13.5965603572
32 F 1001651.16233 6.79088460908 6.45087580159
32 CMG 1025727.55758 9.54441210137 8.17938297904
32 AAPL 895824.295488 8.33750651981 7.67146475096
32 DELL 977337.821552 8.29497518482 7.89065109533
32 GM 884517.724331 6.14337391721 6.13615236991
32 XOM 949208.613061 20.144324068 20.0200234121
32 DIS 981579.149461 21.6617009191 21.5180874986
33 C 989512.574599 20.9692258035 18.9120300674
33 JPM 2170687.16602 14.7964618591 14.7964618591
33 IBM 1000204.54358 15.6666065384 14.2865757509
33 F 1001344.7649 6.70589932977 6.53592877114
33 CMG 1025980.19078 9.54441210137 8.17938297904
33 AAPL None 8.33767893783 7.83801829768
33 DELL 976960.618716 8.29497518482 7.89065109533
33 GM 899292.370857 6.14427797434 6.14361036023
33 XOM 948747.714319 20.144324068 20.0200234121
33 DIS 981209.519843 21.6617009191 21.5180874986
34 C 989418.084748 20.9692258035 18.9120300674
34 JPM 2210729.07349 14.7980557775 14.797637941
34 IBM 999696.740419 16.4223111768 16.3666219321
34 F 1001344.79369 6.79088460908 6.53592877114
34 CMG 1026236.0891 9.55706065223 9.59758743639
34 AAPL 890250.648072 8.3378874318 7.83801829768
34 DELL 976659.159258 8.19389416245 7.9917321177
34 GM 914799.522884 6.14240356421 6.13823610134
34 XOM 949868.476394 20.113248904 20.0510985761
34 DIS 981346.62917 21.6617009191 21.5539908537
35 C 989347.795333 20.9692258035 19.4263290014
35 JPM 2245561.76925 14.799708478 14.797637941
35 IBM 999121.877779 16.4223111768 16.3666219321
35 F 1001043.33927 6.79088460908 6.53592877114
35 CMG 1026424.88204 9.55919708664 8.17938297904
35 AAPL 893587.351108 7.82801829768 7.67146475096
35 DELL 976250.737753 8.19389416245 7.9917321177
35 GM 926928.085048 6.14240356421 6.13823610134
35 XOM 950250.318697 20.113248904 20.0510985761
35 DIS 982054.837985 21.625797564 21.5539908537
36 C 989256.908356 22.0843037441 20.4649268695
36 JPM 2267951.89715 14.7991908438 14.7981555753
36 IBM 999300.216278 16.4083888656 16.3805442433
36 F 1000954.91396 6.72714564959 6.59966773062
36 CMG 1026689.4567 9.21424355974 8.52433650594
36 AAPL 895874.222597 7.67146475096 7.67146475096
36 DELL 975622.546884 8.19389416245 7.9917321177
36 GM 943788.382748 6.14240356421 6.13823610134
36 XOM 951031.383932 20.113248904 20.0510985761
36 DIS 982168.653775 21.625797564 21.5539908537
37 C 989166.488619 22.0843959818 20.4649268695
37 JPM 2292459.27403 14.8024477566 14.7981555753
37 IBM 998845.02675 16.4223111768 16.3805442433
37 F 1001180.01928 None 6.59966773062
37 CMG 1026954.62256 9.55919708664 8.17938297904
37 AAPL 893006.745834 7.67146475096 8.33756575167
37 DELL 975231.898117 8.44658935202 8.29497518482
37 GM 961465.66642 6.14136169849 6.13927796706
37 XOM 950256.662664 20.097711322 18.0958737488
37 DIS 982801.577809 21.625797564 21.5539908537
38 C 989100.186005 22.0844776392 20.4649268695
38 JPM 2310510.24408 14.8044579493 14.1305276626
38 IBM 998158.718878 16.4223111768 16.6220381683
38 F 1001130.84249 7.82132180368 7.88511035014
38 CMG 1027208.96527 9.55919708664 8.17938297904
38 AAPL 897734.869673 None 8.33756575167
38 DELL 974995.268679 8.44658935202 8.29497518482
38 GM 975280.265211 6.14136169849 6.13927796706
38 XOM 949767.19525 20.0566361581 18.0961315297
38 DIS 982619.231474 21.6078458864 21.5719425313
39 C 989010.276908 21.6795753283 20.8698096891
39 JPM 2319634.02552 14.5915620038 14.2842057763
39 IBM 998542.961058 16.5564465753 13.6021055668
39 F 1000780.09905 7.86146112399 6.79088460908
39 CMG 1027408.04152 9.56272840143 9.54441210137
39 AAPL 900665.229509 8.33952987493 7.68146475096
39 DELL 974909.960505 8.44658935202 7.2904414218
39 GM 994470.736565 6.14136169849 6.13927796706
39 XOM 949896.76273 20.0566361581 18.096305268
39 DIS 983051.895884 21.6078458864 21.5719425313
40 C 988919.097955 21.6795753283 20.8698096891
40 JPM 2325754.07931 14.7452401175 14.8078775988
40 IBM 998753.20833 16.5564465753 13.603652624
40 F 1000645.61927 7.86146112399 6.45187031942
40 CMG 1027645.08361 8.09758914925 7.85812421871
40 AAPL 899642.393179 8.17510146885 7.84601032359
40 DELL 974895.414829 8.15761346124 7.57966167969
40 GM 1014577.11615 6.14136169849 6.14084076563
40 XOM 948884.287988 20.0566361581 18.0965135505
40 DIS 982322.65376 21.6078458864 21.5719425313
41 C 988829.899758 21.6795753283 20.8698096891
41 JPM 2324877.46447 14.8100360522 14.8078775988
41 IBM 998708.674738 16.490220789 13.6046953044
41 F 1000641.07481 7.86146112399 6.45211716367
41 CMG 1027866.00004 9.60399297628 7.85781243514
41 AAPL 895097.861881 8.17510146885 7.84601032359
41 DELL 975038.495656 7.56966167969 7.29097874333
41 GM 1030281.94555 6.14859026381 6.14667647466
41 XOM 947793.823683 19.5666175624 18.586580371
41 DIS 983607.727822 21.5988700476 21.5809183701
42 C 988763.03389 21.4771339185 21.0722510989
42 JPM 2317012.96432 14.8122101292 14.8086972468
42 IBM 998833.640743 16.490220789 13.6059453001
42 F 1000593.59461 7.88630158974 7.88620913903
42 CMG 1028031.20978 9.60379837052 7.85761267661
42 AAPL 897641.153338 8.17510146885 7.84601032359
42 DELL 975120.071022 7.56966167969 0
42 GM 1052088.84351 None 6.14097099885
42 XOM 948205.324888 19.5666175624 18.586580371
42 DIS 984776.652956 21.5709183701 21.3026673678
43 C 988675.087754 21.4771339185 21.0722510989
43 JPM 2306597.11202 14.8138175011 14.8132979448
43 IBM 999069.911756 16.490220789 14.3270141723
43 F 1000752.15308 7.52791893661 6.81097427598
43 CMG 1028263.98446 9.16716891656 9.16726058825
43 AAPL 897865.660813 None 7.9282831099
43 DELL 975061.284039 7.56966167969 7.36086539697
43 GM 1074927.41671 6.14959079128 6.14097099885
43 XOM 949702.969594 20.0566361581 18.586580371
43 DIS 984982.839441 21.5709183701 21.3026673678
44 C 988588.409499 21.4771339185 21.0722510989
44 JPM 2286858.78561 14.6019678332 12.121785526
44 IBM 999423.407043 16.4242599058 14.3270141723
44 F 1001131.29115 7.85532396385 6.81097427598
44 CMG 1028528.62578 7.85745450531 7.85743902595
44 AAPL 891669.773816 8.09282868253 7.9282831099
44 DELL 974951.000568 7.50006291878 7.36086539697
44 GM 1098844.48511 6.1504929532 5.03222150717
44 XOM 949471.827596 19.6891222113 18.9540943178
44 DIS 985404.647226 21.5038556195 21.3697301184
45 C 988525.63565 21.3759132136 21.1734718038
45 JPM 2260719.65803 14.6019678332 12.7417867006
45 IBM 999702.484668 16.4242599058 14.3270141723
45 F 1000924.99092 6.80097427598 6.45324190596
45 CMG 1028717.71901 7.85745450531 7.85738161511
45 AAPL 891922.908434 8.09282868253 7.9282831099
45 DELL 974730.618032 7.50006291878 7.36086539697
45 GM 1117519.76578 6.15112783705 5.03274095759
45 XOM 949334.593416 19.6891222113 18.0939277247
45 DIS 987225.102567 21.5038556195 21.3697301184
46 C 988443.433865 21.3759132136 0
46 JPM 2237151.69336 12.7317867006 12.1216513534
46 IBM 999113.24519 16.4242599058 16.4242599058
46 F None 6.71405561495 6.54021829288
46 CMG 1028973.48995 9.13818963009 8.28428632134
46 AAPL 890203.848984 8.05169228937 7.96941950306
46 DELL 974467.072539 7.50006291878 7.36086539697
46 GM 1143445.25626 6.15215940324 6.15127064668
46 XOM 950377.580699 19.6891222113 0
46 DIS 987626.505195 None 21.3697301184
47 C 988361.426277 21.3759132136 21.1734718038
47 JPM 2200821.67734 14.6019678332 12.1216953813
47 IBM 999180.782685 16.2600173067 14.8513256057
47 F 1000914.74074 6.80097427598 6.54021829288
47 CMG 1029225.46188 9.6030016269 9.6030016269
47 AAPL 891188.86301 8.05169228937 7.96941950306
47 DELL 974298.986803 7.56966167969 7.39566477742
47 GM 1170592.73682 6.15237745593 0
47 XOM 950177.361476 20.0566361581 19.6892698797
47 DIS 987293.03882 21.4703242442 21.4032614937
48 C 988300.079979 21.3253028611 21.2240821562
48 JPM 2159378.40515 14.6019678332 14.8155178875
48 IBM 998586.429428 16.4242599058 16.4242599058
48 F 1000737.94869 7.88793073737 7.88786445801
48 CMG 1029504.93279 7.86740944646 7.86740944646
48 AAPL 892475.373742 8.05169228937 7.96941950306
48 DELL 973967.403448 7.56966167969 7.39566477742
48 GM 1156507.80655 6.15518158257 6.1536252538
48 XOM 950073.251434 20.0566361581 19.6892698797
48 DIS 986435.736437 21.4703242442 21.4032614937
49 C 988221.362316 21.3253028611 21.2240821562
49 JPM 2113413.41388 14.8146692496 14.6119678332
49 IBM 999180.848264 16.4242599058 13.6129255127
49 F 1000978.72791 7.88239836278 7.87101543016
49 CMG 1029734.97585 9.16833693452 8.30105194248
49 AAPL 890650.40641 8.05169228937 7.96941950306
49 DELL 973703.529028 7.56966167969 7.39566477742
49 GM 1135815.31907 6.09208900126 5.03711145984
49 XOM 949295.743281 20.0566361581 19.6892698797
49 DIS 986423.57359 21.4703242442 21.4032614937
50 C 988142.522937 21.3253028611 20.4649268695
50 JPM 2076352.00502 14.8130430272 14.6119678332
50 IBM 999407.284223 16.4242599058 13.6141517798
50 F 1001175.24825 7.88239836278 7.87101543016
50 CMG 1030048.44081 8.30105194248 7.86740944646
50 AAPL 888024.882348 7.95941950306 7.68146475096
50 DELL 973387.232599 7.52616245412 7.43916400299
50 GM 1108800.10765 5.82852588012 5.30139963785
50 XOM 948922.049144 19.9647945885 19.7811114493
50 DIS 985866.845541 21.4703242442 21.4200271813
51 C 988063.678296 21.3253028611 20.4649268695
51 JPM 2024013.25196 14.811191798 14.6119678332
51 IBM 1000142.107 16.4242599058 13.6152373852
51 F 1000830.42007 7.88900804726 7.88891781527
51 CMG 1030354.42613 9.60008771935 7.86740944646
51 AAPL 889101.824271 7.95941950306 7.68146475096
51 DELL 973279.346429 7.52616245412 0
51 GM 1082427.44932 None 5.03964849106
51 XOM None 19.5833003348 18.0429451655
51 DIS 985041.717008 21.4535585566 21.3026673678
52 C 988005.641079 21.1102088632 20.6800208674
52 JPM 1968945.75668 14.8100302734 14.6616851744
52 IBM 999692.312951 14.3076815325 13.616163101
52 F 1001145.03373 7.88913736549 7.88905115334
52 CMG 1030676.59502 9.60010158511 9.60008493916
52 AAPL 885388.845197 7.95941950306 7.68146475096
52 DELL 973224.593242 7.52616245412 0
52 GM 1063060.42359 None 5.25838564147
52 XOM 947965.526413 19.5833003348 18.0368065041
52 DIS 985675.044158 21.4535585566 21.3026673678
53 C 987926.765711 22.0853914468 21.1202088632
53 JPM 1911815.96237 14.7505705235 14.6616851744
53 IBM 999527.723324 14.2504508064 13.6173735537
53 F 1001181.79389 7.85779204625 6.45516904391
53 CMG 1030914.96965 9.56168941899 9.60008251969
53 AAPL 891035.839787 7.88993081504 7.75095343899
53 DELL 973066.736829 7.50441284134 7.46091361577
53 GM 1037775.67737 5.68349082046 5.39342070113
53 XOM 947986.731683 19.5833003348 18.4203269761
53 DIS 985412.353233 22.0764854072 21.4635585566
54 C 987847.657221 22.08556838 21.1202088632
54 JPM 1868008.25713 14.6616851744 0
54 IBM 999678.125545 14.2504508064 13.6180699414
54 F 1001170.48705 7.85779204625 7.88992632464
54 CMG 1031211.84033 9.60091879006 9.60053295493
54 AAPL 888234.075022 7.88993081504 7.75095343899
54 DELL 972987.440634 7.50441284134 7.46091361577
54 GM 1013092.32537 None 6.15964212553
54 XOM 947075.446865 19.1956425486 18.4203269761
54 DIS 986804.716963 21.9232536945 21.6167902692
55 C 987766.685021 21.8442285008 21.3615487424
55 JPM 1808822.4774 14.6143971685 14.6119678332
55 IBM 998853.58099 14.0923882077 13.7762630104
55 F 1001035.3078 7.88999836581 7.88206081766
55 CMG 1031501.4069 9.60250598549 9.60091879006
55 AAPL 891494.772195 8.34323368229 7.89993081504
55 DELL 972847.046775 7.50441284134 7.46091361577
55 GM 988996.063503 6.13493935617 5.24838564147
55 XOM 945789.156336 19.1956425486 18.4203269761
55 DIS 986542.13705 21.9232536945 21.6167902692
56 C 987705.536533 21.8442285008 21.3615487424
56 JPM 1749297.50233 14.6119678332 12.1152346778
56 IBM 998230.776515 14.0923882077 13.7762630104
56 F 1001046.4187 7.89009125259 7.88206081766
56 CMG 1031727.61961 9.60430084178 9.60131558892
56 AAPL 890064.388465 8.23243985567 8.01076716192
56 DELL 972609.829455 7.2987041343 7.29123662442
56 GM 971300.732312 5.91330092749 0
56 XOM 946289.778152 19.1956425486 18.4203269761
56 DIS 985951.284123 21.9232536945 21.6167902692
57 C 987625.592719 21.8442285008 21.3615487424
57 JPM 1704767.96174 14.6328019684 14.6319678332
57 IBM 998238.270082 14.0923882077 13.7762630104
57 F 1000841.62604 7.85858803115 6.45575147271
57 CMG 1032005.83549 9.60561604556 9.60131558892
57 AAPL 886454.219752 8.23243985567 8.21858531231
57 DELL 972682.5851 7.2987041343 7.29104115816
57 GM 948198.47775 5.88964772378 5.47002407014
57 XOM 946477.929139 19.0018136555 18.6141558692
57 DIS 986664.594296 21.8466378382 21.6934061255
58 C 987550.225173 21.7235585612 21.482218682
58 JPM 1645960.59039 14.6328019684 14.632176367
58 IBM 998449.496092 14.0923882077 13.7762630104
58 F 1000616.21187 7.85858803115 6.45607164895
58 CMG 1032297.8976 9.6072548146 9.6072548146
58 AAPL 883085.454182 None 8.24243985567
58 DELL 972832.283073 7.2987041343 7.29086811328
58 GM 925645.70714 5.88964772378 5.47002407014
58 XOM 944563.555596 19.0018136555 18.6141558692
58 DIS 985980.454558 21.8466378382 21.6934061255
59 C 987495.761142 21.7235585612 21.482218682
59 JPM 1588226.89436 14.6328019684 14.6328019684
59 IBM 998982.986624 14.2504508064 13.8552943097
59 F 1000292.23248 7.50797953586 6.80676254529
59 CMG 1032529.80518 9.60877040463 9.60836744052
59 AAPL 880483.428946 8.34385668062 8.26778376493
59 DELL 972982.570921 7.2987041343 7.29070012984
59 GM 909083.854209 5.88964772378 5.47002407014
59 XOM 946317.035951 20.0566361581 19.0218136555
59 DIS 984713.707034 21.8466378382 21.6934061255
60 C 987422.575628 21.7235585612 21.482218682
60 JPM 1545883.38888 14.5742707605 14.6328019684
60 IBM 999252.5534 14.1934490032 13.8552943097
60 F 1000000.36283 7.85858803115 7.89105479806
60 CMG 1032841.11721 9.60997078169 9.60836744052
60 AAPL 881803.345843 8.31847158344 8.26778376493
60 DELL 973053.650665 7.29670313319 7.29270113096
60 GM 887461.41955 5.46002407014 5.03986573182
60 XOM 946069.232457 19.7979305324 19.2805192812
60 DIS 984982.692128 21.8466378382 21.7317140537
61 C 987348.529216 22.0863425143 21.6332380738
61 JPM 1490996.20547 14.5742707605 14.6328019684
61 IBM 999987.673504 14.1934490032 13.8552943097
61 F 1000321.18744 7.89178488633 7.89105479806
61 CMG 1033166.8645 9.61148951825 9.60836744052
61 AAPL 882110.324595 None 8.26778376493
61 DELL 972945.376887 7.29670313319 7.29270113096
61 GM 866353.271531 5.46002407014 5.03991098497
61 XOM 944955.557462 20.0566361581 19.8179305324
61 DIS 986164.25962 22.077640875 21.7317140537
62 C 987273.490301 21.9352768575 21.6332380738
62 JPM 1438195.20673 14.5742707605 12.1163619886
62 IBM 1000066.06093 14.1934490032 13.9398329831
62 F 1000644.43128 7.62059145263 7.07803884774
62 CMG 1033484.18161 9.61109609002 9.60794091629
62 AAPL 877857.104514 None 8.26778376493
62 DELL None 7.29670313319 7.29270113096
62 GM 845747.177914 5.46002407014 5.03989532423
62 XOM 945482.518236 22.005302598 20.0766361581
62 DIS 986900.96576 22.0778131242 21.7317140537
63 C 987217.980163 21.9352768575 21.6332380738
63 JPM 1387749.08707 14.7496513275 12.1170125823
63 IBM 999655.130926 14.2504508064 13.9398329831
63 F 1000398.48593 7.06803884774 6.45741587549
63 CMG 1033718.02063 9.61109609002 9.60636332943
63 AAPL 875417.682471 8.30579962881 8.28045571956
63 DELL 972587.711031 7.29570263263 7.2897437171
63 GM 830614.886726 5.47002407014 5.14739186162
63 XOM 946923.402647 22.0031564845 20.0766361581
63 DIS 987920.849034 22.0779656152 21.7317140537
64 C 987143.679094 None 21.6332380738
64 JPM 1351593.78308 14.7496513275 12.1174510673
64 IBM 999730.999673 14.2504508064 13.9398329831
64 F 1000223.60296 7.06803884774 6.45766875517
64 CMG 1034028.45011 None 9.61566057222
64 AAPL 872375.5306 8.30579962881 8.28045571956
64 DELL 972397.48544 7.29570263263 7.28941533198
64 GM 810858.825685 5.47002407014 5.14739186162
64 XOM 947202.872556 22.0022672538 19.2805192812
64 DIS 987516.410085 22.0784869767 21.7317140537
65 C 987068.316924 21.9352768575 21.1202088632
65 JPM 1305770.0612 14.7516558006 12.1182097992
65 IBM 999905.86714 14.2504508064 13.9398329831
65 F 1000472.65579 7.06803884774 6.45790603446
65 CMG 1034325.55065 9.57879794729 7.86900164779
65 AAPL 870622.19166 8.30579962881 8.28045571956
65 DELL 972252.404325 7.29570263263 7.289124615
65 GM 791572.659844 5.47002407014 5.15739186162
65 XOM 948342.942597 22.0012012181 19.2805192812
65 DIS 988124.45689 22.0791277429 21.4635585566
66 C 987011.933292 21.9352768575 21.1202088632
66 JPM 1262799.60317 14.7516558006 12.1189560255
66 IBM 1000810.94649 13.9298329831 13.6194160335
66 F 1000296.89648 7.06803884774 6.45806595515
66 CMG 1034590.2199 9.57879794729 7.87022051176
66 AAPL 872492.836029 8.30579962881 8.28045571956
66 DELL 972102.536593 7.29570263263 7.28892867855
66 GM 777409.670834 5.47002407014 5.15739186162
66 XOM 945999.202756 22.0003725108 19.2805192812
66 DIS 987376.065072 22.079922816 21.4635585566
67 C 986936.868742 22.0873154805 0
67 JPM 1232509.69996 14.7516558006 14.7516558006
67 IBM 1000913.15244 14.2504508064 14.2504508064
67 F 1000086.20105 7.06803884774 6.45826118142
67 CMG 1034776.37164 9.57879794729 9.57879794729
67 AAPL 870796.90107 8.30579962881 7.89993081504
67 DELL 971683.66608 7.29570263263 7.28869378422
67 GM 758919.088548 None 5.15739186162
67 XOM 944218.754725 21.9998982702 19.2805192812
67 DIS 987259.498996 22.0806266885 22.0801069036
68 C 986861.878381 None 21.9452768575
68 JPM 1194769.97348 14.7516558006 14.7516558006
68 IBM 1000550.45546 14.2504508064 14.2504508064
68 F 1000147.15766 7.06803884774 6.45845533428
68 CMG 1035000.47301 None 7.87221212431
68 AAPL 873999.973095 8.30579962881 7.89993081504
68 DELL 971250.638292 7.29570263263 7.28848583396
68 GM 740868.302224 5.47002407014 5.15739186162
68 XOM 942716.102059 21.9993297367 19.2805192812
68 DIS 986330.908125 22.0816410045 22.0801069036
69 C 986806.326177 22.0878339239 21.9452768575
69 JPM 1160103.21712 14.7516558006 14.7516558006
69 IBM 1000767.63473 14.2504508064 14.2504508064
69 F 1000053.40698 7.86128425297 6.45853809464
69 CMG 1035171.57893 9.57879794729 9.57879794729
69 AAPL 874419.9916 7.89993081504 7.89993081504
69 DELL 970827.210486 7.29570263263 7.28834568034
69 GM 727612.526533 5.47002407014 5.15739186162
69 XOM 943360.50805 21.998826418 19.2805192812
69 DIS 987369.91734 22.082856996 22.0801069036
70 C 986731.809286 22.0879980034 21.9452768575
70 JPM 1136139.03594 14.7516558006 14.7516558006
70 IBM 1001510.9085 14.2504508064 14.2504508064
70 F 999836.363564 7.86128425297 6.45868320929
70 CMG 1035395.71702 9.62457476902 0
70 AAPL 876297.978226 8.30579962881 7.90993081504
70 DELL 970520.51387 7.29570263263 7.28817766009
70 GM 710306.362488 5.47002407014 5.15739186162
70 XOM 944092.98264 21.998487193 19.2805192812
70 DIS 986245.206021 22.0839335045 22.0801069036
71 C 986656.471449 22.0881947066 21.9452768575
71 JPM 1106912.60458 14.7516558006 14.7516558006
71 IBM 1001170.96043 14.2504508064 14.2504508064
71 F 999924.015761 7.89424380073 7.89399723841
71 CMG 1035645.48083 9.62680816608 0
71 AAPL 872018.487054 8.30579962881 7.90993081504
71 DELL 970345.59875 7.29570263263 7.28802891298
71 GM 693411.823178 5.14739186162 5.15739186162
71 XOM 942962.633348 21.9980805202 19.2805192812
71 DIS 986567.964471 22.0846590462 22.0801069036
72 C 986599.072457 22.0883688467 21.9452768575
72 JPM 1080801.46159 14.6926491774 12.1225078956
72 IBM 1001161.66517 14.1934490032 14.2504508064
72 F 999544.444767 7.86266682553 7.89399723841
72 CMG 1035889.91261 9.62889042752 9.62624673799
72 AAPL 868101.245215 8.34547094244 8.31579962881
72 DELL 970295.694849 7.29570263263 7.2879286609
72 GM 681005.149061 5.14739186162 5.15739186162
72 XOM 942731.343404 21.9977204957 19.2805192812
72 DIS 985835.788643 22.0855288466 22.0801069036
73 C 986518.168148 21.9352768575 21.9452768575
73 JPM 1063256.62501 14.6926491774 0
73 IBM 1000683.68414 None 14.2504508064
73 F 999328.777402 7.86266682553 7.89480375198
